7.72424
7.80141
0.489057
5.59904
8.86294
7.60535
5.75255
4.75928
1.13888
5.90044
3.40513
5.73492
5.76679
1.98842
6.70211
8.68913
3.67895
4.5227
0.139713
9.9211
8.7141
6.59042
6.59792
5.91683
1.24041
9.56409
1.37936
6.69589
3.57805
3.72131
1.38034
8.93963
1.34872
7.35027
9.25702
1.30228
8.08432
0.384564
0.248809
0.410657
2.35205
9.30946
9.45648
0.677998
1.92792
9.8594
2.09027
1.16695
8.92066
4.39988
1.28514
6.05156
7.75691
6.96699
7.99287
3.46172
5.51139
4.12246
8.12178
7.84029
1.42449
7.58548
0.34277
9.92308
